
// bricks information

s Bricks.png 2


// -----------
0                0            0
0                0            0
0                0            0
0                0            0
0                0            0
0             e 10 1   e      0
00000000  0000000000000000    0
0      0         0       000  0
0      0         0            0
0      000       0            0
0      0                    e 0
01     0         d         0000
0000   000000000000000000     0
0      000000000000000000     0
0  e                          0
0 000              d          0
0    e     00      000000000000
0000000000      00000        00
0       00        00          0
0        0        00          0
0  1     00000    00          0
0 000                         0
0     e           dd   b      0
0000000000000000000000000000000
// -----------
